1196
1367
1205
1193
1205
1221
1296
1253
1239
1251
1212
1256
1300
1206
1211
1216
1226
1214
1227
1187
1260
1208
1200
1267
1232
1201
1229
1239
1319
1322
1463
1338
1248
1219
1233
1247
1219
1241
1235
1208
1240
1242
1252
1209
1223
1202
1217
1468
1331
1247
1207
1206
1241
1202
1237
1239
1298
1247
1325
1234
1249
1225
1207
1229
1256
1212
1241
1238
1232
1221
1218
1231
1436
1436
1274
1211
1234
1255
1367
1207
1254
1251
1217
1229
1233
1265
1231
1211
1206
1224
1303
1213
1214
1252
1233
1238
1212
1220
1239
1228
1202
1245
1223
1257
1372
1243
1234
1359
1216
1246
1221
1233
1216
1256
1197
1198
1195
1218
1231
1202
1227
1246
1230
1219
1254
1255
1225
1250
1186
1249
1202
1242
1233
1216
1235
1221
1415
1397
1218
1351
1233
1201
1203
1220
1264
1261
1187
1206
1213
1214
1233
1196
1257
1233
1217
1206
1192
1287
1254
1256
1287
1241
1252
1228
1207
1205
1209
1238
1215
1211
1226
1241
1221
1218
1297
1208
1212
1223
1239
1410
1382
1259
1293
1199
1304
1246
1207
1239
1217
1231
1242
1245
1202
