18078
21833
21176
18150
21297
17401
21700
19159
17706
18078
19071
17278
19662
19921
17495
17340
18269
17343
17418
18129
21169
21474
22549
22014
17766
21206
17984
21096
17538
21141
21143
17716
17019
17560
18583
19245
21364
17312
19819
17267
17469
21456
21227
17404
21633
18202
17418
17377
18215
17238
17749
17661
17672
17475
21242
17708
18238
21361
17278
18094
17383
17644
21907
21340
734097
22280
21444
21643
23233
23154
19146
17731
21208
18038
17388
21475
22441
17424
21732
20945
18898
19067
21893
17493
21176
17590
20977
21198
18450
21777
17202
21166
17854
19074
17308
21662
21163
17307
18086
17469
17984
17599
17702
17446
17583
17729
17998
18211
18149
21817
22241
19152
17604
22313
18964
22162
21277
18071
17679
18417
17911
18943
18226
18556
17687
18987
17742
21690
17286
19700
17724
19318
21971
17716
19398
17871
18054
21633
17645
18269
17686
18300
18007
21780
17704
22016
17749
17846
20119
21837
18322
17871
18294
21560
21561
20248
19772
17721
18175
17585
21379
21209
21907
17754
17575
18617
17659
21282
18231
21356
21393
17585
21465
17456
21403
17822
17769
18143
18296
19063
17328
17906
19915
17506
21230
21951
17472
17174
21769
17339
17532
17963
18018
