1270
1277
1329
1363
1279
1296
1265
1263
1296
1297
1309
1263
1270
1251
1286
1291
1289
1313
1297
1281
1288
1291
1256
1311
1277
1280
1270
1308
1273
1283
1320
1291
1371
1280
1340
1323
1309
1356
1439
1426
1356
1267
1265
1286
1271
1270
1306
1334
1293
1274
1267
1268
1259
1304
1288
1291
1312
1297
1422
1372
1333
1317
1315
1316
1277
1259
1302
1263
1272
1246
1298
1304
1319
1394
1265
1286
1260
1270
1314
1478
1493
1386
1304
1293
1283
1281
1267
1283
1270
1272
1278
1299
1270
1304
1343
1295
1307
1269
1312
1291
1329
1475
1386
1299
1281
1255
1289
1503
1422
1422
1335
1299
1300
1266
1299
1279
1302
1260
1293
1275
1309
1273
1273
1301
1257
1295
1304
1338
1288
1335
1293
1256
1299
1310
1305
1275
1265
1293
1290
1272
1288
1259
1308
1258
1287
1376
1301
1285
1466
1288
1413
1323
1332
1285
1260
1270
1263
1301
1271
1295
1278
1375
1269
1297
1290
1313
1286
1293
1264
1271
1289
1304
1321
1297
1273
1278
1274
1378
1302
1263
1313
1288
1282
1280
1294
1291
1295
1318
1294
1486
1348
1419
1304
